-10
-2
-5
-3
-2
-1
12
4
5
8
15
13
12
5
2
1
-5
-6
-9
-12
-10
-14
-8
-13
-10
-2
-5
-3
-2
-1
12
4
5
8
15
13
12
5
2
1
-5
-6
-9
-12
-10
-14
-8
-13
-10
-2
-5
-3
-2
-1
12
4
5
8
15
13
12
5
2
1
-5
-6
-9
-12
-10
-14
-8
-13
-10
-2
-5
-3
-2
-1
12
4
5
8
15
13
12
5
2
1
-5
-6
-9
-12
-10
-14
-8
-13
-10
-2
-5
-3
-2
-1
12
4
5
8
15
13
12
5
2
1
-5
-6
-9
-12
-10
-14
-8
-13
-10
-2
-5
-3
-2
-1
12
4
5
8
15
13
12
5
2
1
-5
-6
-9
-12
-10
-14
-8
-13
-10
-2
-5
-3
-2
-1
12
4
5
8
15
13
12
5
2
1
-5
-6
-9
-12
-10
-14
-8
-13
-10
-2
-5
-3
-2
-1
12
4
5
8
15
13
12
5
2
1
-5
-6
-9
-12
-10
-14
-8
-13
-10
-2
-5
-3
-2
-1
12
4
5
8
15
13
12
5
2
1
-5
-6
-9
-12
-10
-14
-8
-13
-10
-2
-5
-3
-2
-1
12
4
5
8
15
13
12
5
2
1
-5
-6
-9
-12
-10
-14
-8
-13